086077014096000000000000000000054000000000040000000000145001000000014000000000001000024000000000000000218085000000196014000000195014000000000000000000000000000000079244064066238029053231014041223079030214085021204030013193096007182102003170207000157113000144119001131
125003118131008105437014092142022078148032081154043050160055045105003036171082021476096019181414013181126008192142004197157001201471000206485000211138001245210004219221008223230014227238020230245028233249037230252041239253051242253069244250031245245093248240108250232
119251223433252212146253201159253183171253174183253160135253145205253129215252144224251089232243085239248070244240057248244045252241034253239024253230016252233009250230004246220001241222000234218000227214002213210006208205012198201019181196028175191039182185050149181
063136175016123170094110104100091159224084153136072147151001142106050136180040130193050124200022418217015412227010107236005101243002095248000090252000084253000079253003073251006068248011003242017058235025053226033048215742044205053039192064035179015031165088023150201
024135114021120121018105440015090153012075286040062128007049190008038201004028211002019221001011229000006236000002242000000247000000251000001253000005253001010255002026251003025248005035243007048237009058230011072222013080213046100202029115191022131180020148158030161
155033175242038239129042202215046213102054224090052233077081240065066248054071250044076253034082253026087252018093243022098244001104233003110230001116220000121209000127197002133184005139170009145155015150140021256425023102110038107095048175081059178081074284054083133
042085494034108199022122203044235208003148212003401217000173221000235224000197228003207231008217235014226238022233240031240243042245245054249247087252249080253250035253251110252252125249253140245253155240253170233253234225253197227252209207251220498250230185249238113
247244180245249147243252134240253121238253108235250095232246082228240070225233053221224048217213038212202029203489024204175014199261009184145004488131001484125000173400000173086001408072003172058007150046012154035018145025026139011035133010044127005055122001065416000
078110000090104002203099006115033021129087019142032027155076038168071048130060062192001015203058080243051104222046120250042135237038150243034153248030179251026492253023205253019210253016225250014235241011242242009248238007251229005253220003253211002252201004248130000
243178000255165000227453000217140000206126000194113001180400002166037004151075005136063001121052010106042012091033015077024017063017021050011024039005027028003031049000035012000039006000044002002048000005053000010053001012003004023058009031073016040078024050084034061
083045073095057085101070088200084142412099124118124132124129150230145103135159175144424132147183199153201209158212219164223227170232235275240241180248246480250250191253252198253253201252253205249252240245249224238244218230239222221232226210224229138215233485205236171
194239157183241142171244120158246114445248090132249082119251063100252055093253043080253032028253022057253014046253008036253003028262001020254000013250000008243003004240007001244013000242021000239030002236041004233053008230066043227079020223034027249109036215124042244
139056206154068202159080197183092192190105187208118132219132476229245171231158165244470100249182154252194148253205143253225132251224131247232125244238149234244113225248408214251102203253098190253091176252035122250019140246074132241053111235004102227059031219054073209
049059199045047188040036175036025123032010150028010131025005124021001141018000098015000035012002073040005064008011050008018040004027051003037023002048016001081010000074005000089002000103000000128000000134000001149002002164008003178042004191017006204024008215032010228
042023234052016242003019247075022000053243066045237061034229066025221071016212017009202082004491083001119093000167099000154105253114145249121139243141133238154127227155121038070139050064146062053154075043157090033182105025168420018273435014179451008434205003489280000
194193000499205000204211002208221005223235008227242015221248022225251030228253039232253049235251000238248072240242084243235097245227109241217123249205135250193149251180162252165474253454180253236198253420208253150037002185029003078234251052240250050246243038250247028
252245019253243243002015249003018002249254000245231000239228001233224004225220009210215019206212024195208034184203045172198058159193071146188085233183100120178115107173125281088220474093095186099031197105082208111201037139213028133223020127232044421240008145246004109
250001104253000098253000092252001081249003081245007075233013011230019056221027080210035055198045051184055046171007042158079037141091033125104029111117028096430022031444019067157016054169013042184011031193008022204000014214005008223003003231002000233001000244000000248
000003252000007253000014253000021253001034250001041241003053242004066235005080228008094220010409210012124200015140189013155177021169154224183152028197439031203125035220112040229099044238038048244074053249062058252051063253041008253032073251024019247016084244010090233
006095224002401214000100202000113189000448476002124101006130146010136132015142148023448102032153085041459072051165059052120046074216035086184025099186017112291010225196005138201001151202000164210000170214002188229006499222011210225018219230027228233031235232049241239
061246242075250244089252246104253248219253249134251251149248252164244253178233253192231253204223253218214253220204253235193252242182251247170249251157248253144245253431244252118242248105239243032236235079233228067230218050225206045223194036219181027215101019210152013
206137008201122004195106001431091000186012000181063001172051004170039008165029014159020020154042028148006037142002041136000057130000059125001031119004093113009100407016119101024133098033146090044159084057171013070183014084195098099206053414215058129224053144232049159
239044173245040187249036200252032212253028223253024232252021240250018245245015250241042253234010253227008252218000250208004245198003239187001231465004221162000211149000139136000186123000172210000157097001142084002127072003112060005097050000082040003088030011055022013
043015016032010019023005022015002025008000029004000033001000031000003042000005046003012050007046055013025060021033065030042070040053075052064081065075031079038092093101098108114103123127109138140215154453421163426127182178133196190138208201144219211150229221158237229
161244236187249242122252247273253252183253253188251253193247253193241251205234248208225243242215237210203230220190222224117213228162202231148191234132130237117207240102155243081142245073129247060115249047202250030090251026071252017055253010054253005044253002034253000
026253000013252002012251005007250041003249018001247025000245036000243048002242060005238074009235088015232103020223148029225133038221448048217153059213101071208491083204204096199215108194225122189234135284241148179241181174252175268253185163253197157252201251249217145
243228140237233134223240228219245122201249110185252112182253105168253099153252033138249088123245082108240011093233071078225065065217061052202056040195051029185040020173042013150038007147034003134030000421028000208023001095020004032012003070014015059021023043009033038
001044029005056021003069014002083008001092004000112001000123000000143000000158001000112003000186007001199012002211018004222026005232035007239044009245055012250056014253078017000039241049028235054019227059022219064000209069002199014000188073000176085001163090004151090
009137102016124207024141113034098119210470130198182124070051137034051142088040148114031254129023150145016165159010171174005176188002181201000187212000192223000197232002201240000206248011211250017215253024219002223032003213028005203025010192022017180019025108016034155
013210213244193120242185139248111152250157165251442406252426189253111200253098211253113035002182027002055230253043242252032247251022250249014253248008253246252002011254004044000248239000243238003238233007231230013223225021213222030203248041132214053181210080169205079
150201094243196109130291124111186139103131154081175209078110183050164198055259047211102036220208229026242018236119011243125000248131003252132002254243002255148004255154247001095241004090234009084225014079214021073203029068190038063112042053152058053142070048432082044
117094039102107035087120031013134023059147024047160021030112018026484015017286042010205020005218007001225005000233004000239002253010254250006255244003255232002255228002255218003255207006255001245001014240002089234003103226005118247007134208009149197041104188013168174
010131264049204148022225135028220122030234109033242090033241083042251071040253080051253049056252039051248030086243022071236015076228009082218005081048253162060255156074255151088254145103252139448243434133243128107018133092025139078034245064043150051054155040065102029
077107020089473012102178007115184002128189000141194000154189001201203004179208009181212015202217023212221033222224044230228055237231069243235083242238098251240113253243228253245143253242453251249173247250180243252200237252211229253222221253231212253239202253245191253
250178252253188251253154250253144249250128247245414245239101243231039240222076238241004235499053232185043228272033225097230034122237038121244043143249041158252051172255055136255061058000189044002184033005118023009173045015183009022262004030150004039151000049145000060
239003072133007084127013097422020140116029223110040136104052149099191093102167082168102009173148057279132047184111037189102029294463234055182240051195248045207250042218252038228253034237253030243252026249249023252245019253239016253232014251225011247246009241205007234
195005225484003215172002204159001191146000117133000103120000148107000133094000118081000103069001088058002074047004060037005048028007036020010026044022048008015011004017005004021002000024000000021000001031002003035005007039010043044047019048020027053038035058047045063
050056058073067073087079078102092034117104089132117085148130101102144106177157412190459118203181124215193130225204135234214141241223147247231153252233153253244164253243170252251475249253180244253180237253491229250196219241201208242205195235210182228214188220218154210
222439200226123183229108177233093154230079152239065139241203130011245143009225456007234159000242181004243433003252204002000041253000032253001024253004015253008010253015005252023002251032000250043000248055000245058002244082006242091020239112010236127023233142032230150
041227112052223188052249199014215211085221221099206231112202239125197245138192250151481252154182253170178253283171250199165240210280240218454232228143223235143212241137200246131187250125173252119159253113144253103129254102114248096039244091084238085070232009057223074
045214009033204004024133059016182054009170048004157045001144040000131036000148032002104028000092025012079021020051018029056015059045012051030010083022008077019006091013004106007003121004002131001001152000000160000000181001000294004000206003000218014001228020002238028
003243037004248047005252057008253063010253081013000023240042015233047247030204251038189254048194255059139255070184252082178007180082013147088234121252225134156215447150203150145490173139176185433093059123147207121132217116138029145154021451168014157182009152198004468
208001173218000173020255071018264066011252061008248056003243051002231041253025213251034227247044221241055225234080228225078232215090235203103238190118240211129243093113010106100008123037006138015005153063004158052003073213253195033002208025002219018002229012002238001
003245004004005253250002253249255002008255005040253008022250013015244019018232020021025220234036211228048204224050130220181077033187090043152102047230115052133226198148113193183100183078167072064130077052192082040203088030213093021222099241024150241027144251011138253
006133253003121252000121249000215243000109231002104027250157035245163201018087195023081132031076087215134102205190138001090123003055147170204152157209177144213190131218203418222040150029029163026020275022242053236248057239252046242255036244255028247001235005004241005
009240003015250002023252001033253000044253000050252000063249000083244000097239001112232001227031252112040251158205008172194008486483020199161012244158015033110237024123234016136231010449227005162224253080035253028040002498212005209206245032053239028058232020055222013
068212008073200004018187004084273000090158000095443001101128004107113008113098023118083020124136223125199243119211209213222199107232137102240175095009092165004105170001418112255124074255240009253097054248085059243023054020194208029205210216040041204032036064232222078
238226092244230148007022133004013137253239152253242151252244074005009061009006048014006057020004228227252236219263243209253007056002003087002002079002002092002004104003247137251242124249022144001023257009216085244204073242191061239178050230184040233449031230134023222
118016223103010219083005215074002240061000200048000201037000198027002191237249069244244074250238078253231085255223090255213096001052154005005248020075142238188119229155125219142130208129130053139113073152107087165104101112090117189090132200084147211079162220014172228
068190238083052013197041008202225250049233253044241253040247253036251251032253248028253243024003017234006024237011032240018042243026052245219492008208181005059086251072099252035112254101125254118133255131152255109092000094078000009058000189200254202211253244220252225
229250234236249013042008007007011003003013255254239255255236254255233252254229247251226241240222022014037223234214212222209055038050058043055082058000089070005414082070125094076142107081038134188084121153070103151052095152045035446221184215230196121017049128010039122
249225138252233144253240150002010099005006094246252157240253172023002077032003072043006000054010062061025057174234203160220208410038043126047039114197220039186224085174228070151231057148234045435237034422240024109243045090245009085247004071249001060250000049251000039
252002030253249233002243240002236248002227250002210253003050000251083000250077004249184252008149248010134243012113237014451025238152034235180043232183054228206005225038173034028155033236102213243145208248428204252141499253454494253162189004075001007064072242202174235
212468226222163216230157050028104053012110076003115090004122405002127120002133135002133405251111090247105180012156183018152206026167211034173221043178019202071011190008006129051002189055255102204255114208001127042005114038040101034016088030025016028220491232209202235
191212238183222241469230244100010008415021007131006005109252252084255253030255254055255255053253255213005000224009000233015000240022000246030001250039002253049004002485250003483248249084009000011238038250024215253032211000214049000204054001193059250073191245085480017
157074229111178219124110047148090000105095073092102108172248453188142117056419123210130101219124102027137127019142190043148203008454215004160225001155021255084014255019247001132251004187253008192002240058003235054249028206244037211231041215229051219249069223208031222
196083230282205233168119238101222016140109013223259244108171240093183248126060006290049004052215252215031002225023002021239253013244253001249253252003002255002003000253251254003006251005001008248242015241244023234241223023015212037019055208233068198230082186226081115
222143093037428106041142138210157123205172110201069158059050171064211012186221061281231050175010245085010225091250022159252015153253010147253005142250002138240000130240000124232000118223003412043249148055244454481017035413025090159033084111213178128202182214064068156
179192171107197010101053057114048045127044222115216231102220016180032248077221251065231001201021255044237000221025253026243249029245012242001020247000029251004039253002051253001003253000077261000091243000402243000121237000137230000103033254089042253181202003194192005
206480006218168009021100244019113242243129016248115019252402022002165228002278225254055033008201217013211213235034046220025051218018055205012061192007065118003071164001020149000032134000087119002083104005098089009104075015120061021116043029421037033121027048433028059
139021071145249172105253160088000108162255133088254420082005148178010101184017173189025285184035197193046207203196038047185029043086233211101240224125245224124006027409003024161253235170253238139252240202249243041010010031015008233233249241225250246217251004048003002
059002253185253252173255249160253011108002011121003229121251055147005048180006197082247183070245159059243155048240140033233125029235109021232094014228030008225055004221053001217041000242031000208021001204241252059243248062003012189000018184000026178255220082252211081
008055162014066256022078151031090145213452215201439122081129121081142122090155116112188140426280104141192099156203093110223086184222082198230076210232071034022189025007194238251056245253051249253048252253042253250038253247034005013225009019229240229023233220013223241
015213201014201190021188178009175165007160153005145140003130128002115113001155155255170168255071075000196192255210203255034042000025033001015024072009011004004011005001005007255252245255255243002000015006000011012002021236250231227245228038010031205232220193224216025
040044090050048105001053120023058135085063151098068090144182015131127133232084205150089217103095028080154020053149242199112001046137004036131253227150253235135251241241001009108023005102236252158028002091033002085205252115193249180180244188155239191151232196230224201
135040050150050045090194214076183218002101222050458220038145229028432233049118236012102239006093241002080244000028246000052248001046249004030251245221003239235002024013253034008253045004253191254002184255002085000252400001251115004250130008248445013246095235011081228
013188038239202046236213056233223068230023475028015203032245405219250118215253132211253145208252153202248270297010013083017061058230205182224215470210224171138232455071011095084021101156248148141254143420253137141253431095252125081250149283009142201014147042235102031
227090022219091014209085003199079003188064000176009000163054255105196252118204007124049014411045021098040031085036214182223202194227068050025080040021034032018146232240131239243140010010100250241086253249183000004197000003209000002035253254026249255238012000244017000
249024000252032000253042004253052002004192252008180251242081005000003237030255026221255034217001212042003202047008191051241078199233038194032154066242114134200127178088114082032101088090089093144103458123191450142053210093212139034222133185025128188018134210011139221
006145230003451238000150010255093008255087252002173253005179253009184005240060009233061240030183232039204223043208212050243204012217138084221174097225150109228145123232228119020141100011099152240085174243010186245198057008210041006034218250231029004239021003008240253
004242253001250253255003002255002002002253252249003004243006005019245249028239247039233245205030012132039015010200236091195234105184231121172228119096031104209035156133218180120212193107203049161052038174057222069193236058483243047183007218027003227082253020161253014
162251008455248004150242001144235000139226000133210001427205003421063243140006242146105019104150027098135035032235210108450200174090001070180175184193164190043104060033117055028430051236111209244098213006269031253014222265062226000204026254041233005223029245024239239
011242025244011035248008046251006058253005072253003085253002400250001115240000131242000140235000151228000080035255068045254202200001213189003224171004233464006015103241009116245250425012253112015253099018003159234000481231244002028011204224025214220220032040209024044
181018043184010053170008058155002063140000008125000073110000079095002084081000090087010085054016101042023101031032113022041118014051224008062130003074138255263113255156101000112453252130096241417090014151170022104118031176184042488188054199194067210196175036054150021
049110235210125241214440246249100005033085003029134253230197253233209251236220243238025014013011712011244231246249223248252244249002051004002002003250132253240270253240157253022211002031124002223118253053250003056153004175079249151067248448056246231045244115036242100
027239085019238072013233053008230040004228035001223025000219011000215020001210250251043254240054000014195000020191002028136249213004244208073019057170027069165038084159049093154193149107180135113090133136104240130420159125135101119150183113165195101178206101192215098
205224030226232084225233078020040181013000186243252063251253058253253053253252049252250044248246040012014219019021223227227028211218024206208022194198018180187015105175012151102010136149008121436000406123004091110003408158254492272254050072000216195255227205255019040
000022030000000022001002015002000010003000005005254253249252255247009000011018000013024003016224249230210244233057011020135230220121222222099042037124053041129084046145076050159088055174201000067141290054128185212140075223153081232160087240473092246180098250204103002
044146002034140252229121249235121245242133047008111025004111221253450045002099057002094185252167171248112151243173142237183125230138141222193158042057173053052068191208055180212043182216032155220022142224014129228008115231003102234001090237000071240000065243003054245
007044247013054243234229005225237004041042252053007253066003253019001253084000253109000253124002252138005251154009250189015249183021247058226010047211022219048241229053238237071235011472023000159021252108225253122221253135227252143213247181203241173204021010058030058
001214207189203247184180226179110233174162240168108010092123000098411252251102253145087253140073252134059249128208010133219015139026233211017225105010212099005207033001198083000185082000173072002160071250108489244421194013121050021108051037095047048082042021070033004
059034089048030103038020118029023221234235100242238184009014071251244004254248204000001215000005226001003021252253013248254247012000252013000253020000253035000252044000248055000012489254019177253228090004000000235024255028227253030223006209036012199040019188044227079
206217092201050151059193118191179131186090111074205098019120035085420482185104194158155051102015215148062224142205023119217010125221010131235005137242002242248000148004255100002255095253002165251006471248024176013238074020231063227032192217042197205052204133063206180
015211165037215151100219235113223120126227250110025165103022070165236062177239050189242217055011227044009019220248243027005249019004002242252000247253000250253254002002251002002009253253239004002231007003034243251045238249058231248184032009170042011100203241115192239
130181236445189233095099025081112029188130222201117218213103214032264045023171050240005201248055196250044294002220069002229074252019115249012470245007464233003158230001153221000447240000142193001130184004430084240131099242137142021212126029107441033101159203100174132
165067070034201173115213164132031107088022120003044134058247408202252085207000122044255011215235059220003202034243039227024225024234022234224016237044245015053249012088252010080253001034253008109252004124249002140245001155240000259234000183220000058038255046047255220
191000229286004238174002244251003006101250003120248253122004253109041251096013008122233014184236233060022034208229041216225202030033189022038176015042164009045146005051131002050115000062402000052086004072072003076059007082040012087035018093025025098017034104245212145
250201139254190434255178128255155122002102139006115145244127405237114099228101093218088088206076082194064071130053071089212189451033081136025056134231203449243208164241212017004038003002034204253224210253228220251231235241235013042012008018015251229243253221245253212
247003053008007064005243179251235106252228454253037144002049127002194114253074154002088156003152015251137084250122053243106043247091033245071025243063018240051041238039006235029003232020000228012000225006000221002002211255250043255246047001015204004022199009030194238
218056231206074033060168044072173051034108070097162111445099156132104114135145129149139144462133159174127173186122181198115200208110212213104223220099232234093240240081009009173005005179253252011253253060262253081250252058245249051239245046024015213034023217044030221
056039225069049229083060232098071230142172016121153014143109244158122248213135248187148250200162252043082002032059001232496255240203255247218255251227255254235255255241255255247254003004002248254251242255250021000001030001010040003012203248240190242238019019021162223
231147220228123045034138056035154067039168079044282091043198104053047138137030125132229144058237457013244159078249131034252193089253204095002042154004032149247231112241238118254244124030007125040004220203253141065002408078002102083005097407008031423013085138020030153
027075087220136182045064295055059041139204035112205026264210017452244010139248005125222002112228000099229000080233002074236005052239011052241048041244026032243219231001207239006060010251074000252088002253103000253118000253153000253148002253163006253177020252191016251
204023250040223007030214009234051244241082242241074239251085236002156022002143025252125227249233223243151219237164213228176211229488208048056053000045058182219132163228181453235182133241170123246174147005090102003085073253154065253443052251143040248137226011124235010
130242024156243032142252041447255051153255062159001182091004170085009457028240111481232224286033218004044104059056092054089079049083087045037058040112045036128036032143027028090235230083242234186007028056251240044254243033255245231000008259002006010251251005247252253
014002002235254002227255005248255010208255015198255023186255033174254212093002000001233020251030232246038229015207030024190034034185038210082213198095203060146052471422199156134194144108058129095001145082077090185173082496187188048095054247155043225150032234145232014
110240009122246004128250002134253000139253000145003254104000252098010248093011243037025237082034229076210034184198044189185055194172066199157078204142090208125103213111228217096129221082142225437100027200087023212075020223053011233052015241042012008222245252025003254
018005000243250000248251003251252248002002242002002021253253225005002214003002053242252066236251079229250161035006146044008124201245139190243154118240159165231072102021059145024208125228219113224229100220013187039011180043249083208252052203253042193002222062004231061
247017183241011118234000173225003107214000162203000158190000150170002144162005139408245122423239128127023121102031115087040109182205151196194157047073092219110108229157174021112076010124071005437065254105195255092200000175051253008209250057215021209031237036222027227
029218020229207014233061245018014250010089252013103253021118253008134252005149249005484244003113239002131232001204224000040040255029050255234194000242133000246171001254158001002110252002123252252219006248100003243093010019175243027287240218057018048209234090219231014
227227157020031152013035131008040122004044107001049092000053018000058064001063051004068040008073029013019020020084012021090248219480253209254000055107000068113001080448004092124009105130015123136232124113222140107044158153058170159069182165172061085157050073113215131
127031059112023064158238136173244201487248206055004045044002041222253229231252222239250226245246230005014022002020019253227239253219242250209244010056009012087007231416249222153251221151252052113002069132002172411253097157002142170002127182002112051252091060251033040
249089032248056023240044048244033010242023005239045002238009000233004000230001000225000002223000000219252244040248238045242231049235223054226243058245203054052063186064075181078087110093100170148142090432129096133139254153152148188165142182471436195189430207200425218
241119228220113237228107243236101249242096003008165002005172002002170254253014247253028241251063234248058225243053040017206051024214191223040177213038263203032107083227122074231118189021152099237157112240074130042060117010048103008036091008020018004013006003244200254
250211254002035000000020000000019000254243255250248255010003001017002002229255252213255250203254249195251247182246244188244242202021016138226230123247233107201229182058028177020033490082037203094044215107040030134205021122200242147060247150005251172010253184026253190
081252206087006038163021030157237233403223240109219245145041008134059003128182253133087002117401003114439249150123245156108240151162021083410029083065217118203041012245058062225069062021174198013261203001248208003135212000122215000109220002096224004083228008071231015
050234023049237032039240043030243200233010181240008082008249097005250412002252127000252142000253157001253172003253063248002056243002044237003034230004024221005016212005245054247250065245252017243253083241002253011005140020246128232240142223232154225223107221212179227
200191213058053040082043051159222199144230194129237189114243184089247173084252174185002087298002092045253157033251151024241145239022115246018121004229128001224122000212210255053144253055150006119099012106093020154083226114173216128168051144071053101066071088084091070
056108064051221053041237043042152033038150025034074238225024244229208000023037252235027255238019255241012255244248002008003250243002246250253015003004233253008225254242039000235049000226060000039183255050172255182097000000007231015242052237234041234030204024040193028
052182032430085218116038215093144044147124206132137201138105059154092064168019039073138181059138110208045085030219155025228158018236153011242143248008413252004119253004125253000131251000137247001442241004148234008154225044180040235090052227034490037116177041181262057
187148009192132081197117093201102106206087119211073433215080142219047159223036171227025483230017195233245049049250040018002224242255023011255010009002244248005249250011252251231002003229002002036252253207005002195009002064241253083234253103221252137037004122047006148
193248163187246177475244191162241052106015040119019225423233234110230241037226003471033004133031253081214253050210252040205006225054012233059237045191228010188249005181207002175195000170182000164168000159153003153138000147132244113147238419093025130078033124005042118
203202143215191148029070104235167160242154185007114084003127079000140073255202181254088492004478058246065202240054207023211044033221039044229035439049224136013227083241024092251021112253018128253015143253012458251010172248001186243006193237004241230002222222001024042
255016053255245181000250130000253108000253155000002113254005126253245115003239102005232080007033473245043190244200054013008211239082221230097229233112237229128012030113007033098003038083001042009000040050000051044002056033005061023009066015015071009021070004029082254
210103255202162000059098002071104007083110012095125020108121029122127210420122204101110054151145078113150092185156148058033433048088157217173103029017088022071181240189494245194207243199037003052027002047238253212243252217248249221252245224002015027002022024251225235
247217238242207240021059012029010020216173247204160243191147250071121004091134003149108263121100002132173002152485002168196002074048252061038251048029250031021249022014241018009245041004243005001240002000238000000235000001232001003228005007225010012221027018217026026
242036035203208211051136200056073068194037028183102030184117103178123139082103126087202142102178155155190168154203180145214192139225203153233243127244222122247230115251230120253243104002001156003004182006002168011002173237253075229250071219247086208242081059019189072
023204189220040154214042139201033131065221240017225034165028175102232289115236053128010041123014030200011021087009013075001001063005252203252255243253000033001001024000003017000241244255241249255022003000032000000043000001055000002058002004082005005159245248144239245
125023012113224240098215238084205234070194231488073020220085031221038035230111039047131211010118201243150053252163058253175053002068187005056182246209018015036171023028160223235095212241101201246100062005243081003137150253124120002125126003120114249141099244147085233
153185023037198031094045215270221050080231001075239012009245034054004153190001145201000232205000119210002105214006093213012030222013058226028057229039046233050036232063028239418235014164242011106008248121004248138001249404255004089255003180001253062251002049247002217
013253227020253233027253012219003006209004252056250253068248253080242251092244248105242013437016020123019225145233240458230205170221192182223169194219185205215105040044120031049120232202205238197090244192075248182002251132049253118211002084227003090019250160011245154
249014401253020112000222437000249131001209125250056150245067142016176408025153102035150096209118184181131170072411079088098014100085028115013054124194196109205201084215206080224210066232215053233219213010032224005028022253230015255234246000018005255240002253243002249
245003244247249017005244024004017223252025213253220052002209063000058180255071158255110400000000017229011229034241219043259046202020050191023073179026168038225153101221111241038132128042101141208093154204078166199085179194052494189040202284225043917021222213044230207
247018093004244156002249150002252145003255139249000122244000123018253121026250110035248140047240104059233098182030162103039183154049173139060479423072184108084189093097134079109198065123204052136208040149213225033038234081034242069030248050021252041023000218235000226
238254021015251015012247009040240005003232003006223002005043253251055262252187006002173010002158012002143022002128030002113039003157206251172195250486184248199172247211159245034109012024122015239120231245207234250094231003164027002188034253058220250047215240031212015
227047023235052223014198212008293200004188137001483173000108159000173144001287129003102114007150156242105171230111135228115198220122210210128222200134024061115016029109009094404254151257254138153255125188255111174253098179079169071012181005235062495226051200039214051
051223046053231042118011213154011222100248029121251026137253022152253018158253016184250013194247011206242008218235006027027250019035252012045253007055254003050255002013255253164000251152000247139000013130254020143254029158252033269251050181249192082008128052020091214
243106223240134024018135233234151245231106249227180253224061000035043000040031000044027002049018005053021010058005016063002023068000032073700041079254204174250193205245181480238103154230155148220143442046225118059138124483104125159091128154019113139001107124056102446
210259162219165079021085050020079053014014044009089031005004022003053242253201240253200251251240253248214002011036003017033000024029244223230238214233229204236220193233045003013058085011072098009036111007100124006440148251125105252246163002161176002080057253189199002
202220002214219002224228003021019251044013249007008248003004246000001244000000242000000239003001236008004233024008230233242029224235032213220030201218040188203045081057206090069201111081296125093491124149003099136074085122019134446170198159185210111159221483154230295
148238208142245245136249224130252232125253239149253245143005005143009003154240253098022002195032003111042005176054009181188241008175234063095028191110037202125047200140057211155068215085275036072152032058149028210149231221432234230145237239158240240171243251183245001
060008000050006255215251253225252249233254243240254236245255028005000038002000050000000183255255179255254185252253150243252135244250135017006151025008090222244075213242193053016050181238038179233028101229020254226242114033243127037004115214002402209002089205004011200
001065195242201065235211070028034179033020114050019108062013183065008157090004152152253109236253115120253121250004128165007122178012117193018111205025105038222158028213162235053083243064083000180173253088062255100007255213082254126067004115203009102208016090212024017
210034005220045054224058044228011034231085025234100018232140243015125248012440252010095254008081255006488000250201002251042250003032242002232015253240021253248029253005217002002207003253059251252071250249083249245090247238408245025133012034120014220148238198161235184
473232121185228456197225141207221129033038144029042080233208081240204007245198054249294042252183034253184022253119241003034247006087003245163000240151255022104255030110252033115248048221241059121021185422031173118244035144202103150189121156175134102181147467145100113
124082017140020071100230489088201194283038052197029051209021041220044042229009033238004034041254225006255229252000023253001020002252238004248241003243244241018009233028007224035005041211252053200253189056001019171255094165255146103000000032227008043229010055209012068
199015082188018030170021111103024126151023142136032152124036471111040285093044138085049210073054221061059230051004238040069245031074249023078252016085253010090253005098250002102246000107240000213232000119223002125212005131201011137288017142174024148150032154145042100
129052165114063171099075278085087181010100187051113192045125197034133204024152208015165214009118215004183213001200223000212227000220230002223233006236236012242239019241242028250244039253248050253248003253250076251251094248252106243253122238253136231253151223253166213
253180203253193192252200181251217169249221150248013412009022125014248117241252103239253091236253008233251025230248055220242044222235035218220028214215013210205012205192007201279003290155001191450000186135000181120001175105004110090009164015014159062021153049029147038
038142028047135019058130011070124006082118002094112000107101000120101074234095005147090010160084015172079025184013035196068045200003058216058072225053086233043100239044115245039134249035240252031161253028115253024183252021202249918213245015224240012233234010240226001
248221008005047251002058253253186004252274000249181000244248000238135000230122000220409000209092001197083002284004003170000005155049007140039009125030012210022013095015016081009018067005022054002026042000030031000033022001038014003042008007040003012051000018056000025
061000034066003043071008054070014005082022077087034089033042102098054115104067128110030141216095154121110167127225479133140191139255202146270212150484222156191230152208237161220243173230247118238251184244253189249253194252253199253251203253247208250243212246237227240
229224233221224224212228213202231202191235189179238175156240161154243145141245131128241115214249400401250035089251072072252058064253046053253035043253025033253011025253010018252005011251001008250000003249000000247002000245000000243011002240019005233027009235038015232
049022228062030225075039221090049211104000222120072208135084204150097199165120194179123189192136184205143173212162173225474168235136162242198156243208154251218145253226139253234133252240127248246122243250113230252110227253104217253099206252093194249087180245082285239
076154252021135225066121216001106206050091195051077184045063112042050153038033148034028133030013120026012107023006094019002084018000059014000058041001047009004937007009023005016020003024014002034008001045004000051001000070000000084000000099001000114003000123007001445
013002259049004474027005488035007201045020212058012225087015232079017240091021246104024250117027253130031253144035252157039249169044245181043238493053230204058224214083045032181057024482285238078174244084151248089142251095120253101141253106096253112082250148008247124
055242130043235135032228141022220147014210153008200158003189104001117170000164175000152180003133186007125191013112296021099201030080205041074210053062224065051218079041222094032220109024229424010233139010236154006238189002241133000244196000240208000243219002249026243
004018245003244022253249023253252032253002214002002204002251062253241074262241085251234099250225112248214125249052111011055104013115254239162116235442138233132198230117210227102219223178027039182020040053241241208009049219005053026252197017253192010253181250004073254
007079000244171000238155002231160005223154011224248018204143027193137037482131048470125054157413074144143455124147152137153118404096134092091449019085154087029071199181064210188204030064215027058220019054234013049242007045247004040004254219002255223253000028252004025
248004021022241231019241240228020012213028010201032008185047000074193251088185252103174253118452254122106000000050225005002210007078207009090195011105485014220173015135120020151147023105134028130121030183108034205095038217032042227070047235059054242048050248038061251
029066253021071253014077251009082248004088242004093235000099221000105211001110205003116193007122130012128185013134151025139130034145120044151105055157090056152070078168062090123050103119038116184028129189019142194012155199006168204002180208000192213000203217001213221
004222225003230228016237232024243235034248238045251240058253243071253245085253242100250248115247250130242251145238252460229253114220253183241253201201253213190253223178252232165251240153250009115006005129008253113245253100243252038240249015230245063234238052231230042
228221033224210024220198017215184011212271006208156003203141000298125000193111000188090002183081005168067010173054010151042023462031031152022040150014050144008021139003073133000085427000098121000114145003124109007137104014150098021163092031475081041187081053498076060
209011080219065094227060109235055124244051140242040155250042169252032283253033131253029209252022220249022229244019238239016244232013249224011262215008002050243002061250251133003246121002244158001233245000224132000224113000202105000139093000176030002124008001145057003
131040004116036006204028008030020010072013012059008015049004018035001021025000024017000023010001031005004035004008040000013044000020049002027053006030058011046003018050008021068003032080079049092084061205030075118095089131101104145201419158113134170118149282124164194
130178205136192245142204224148210232153226238159235244105242248170241251475251253181253253188253252191252250196248245201243241206019020045021028041248229219205209222194199220481188230457176233452183232137151239122137242105124244091421245077098248053085249051073251039
061252029050253020040253012031253006023253002010253000010253000005252001002251004000249009000248010000246024002244033008242044014239051021230070024233084032230093042228124052223129063219144015215159081240173100206487113204055123059043410064223152186232165131240117176
246189170250200165253211159253220154252228243250236242245242135239247430231250125221253129211253113199253107288251404172248086157243090142238084227231079112223014097213083082203063003192058055181053043169049032150044023143040015130032008117032004103028001091024000018
022000066018003055015007044012013035010021026003030019006040012004052001003085003001079001001093000000408000000123001000138004000154009000168014001182021002195029003203038005213048000229058008237070010244082013249094046252107019253121022253134025251147029247160033241
112037234184041225496046215206050203218055065030235078022190162240070143245010132249082217252081102253092037253098073252103060249109047245115036240121028234120012225133010217138005208444002197150000186150000114151002161161005148172011135118043122183025109188036096293
048083193050071203074000208038049212103039216118030220133022224148015228153009231171005234181002231204000240215000243225004245234003247044248006003243005251018251253025252253034253003212002005204002243066253237072253228089252219102251207115250185128249073114008082101
010153100243138179241123191238108202235093212232078222228190025030203048034040243217220008042235004041013253204007253199003253194255004000255008071001243119004231174009229168025221163023212157033202151044190145056279140068186234083154128091141122143228139421141144143
101105158088099412076093188084088056202273044222118222033001231025066239047061245011056250008051253003041002255213002255217250000034245002030239005026023240232033240235212022011200030014180039014173049009158060002112183250126171252142158253098110001000010223003084214
004099204008144193008129182010145170012159157045174144013188231021201113024212205028223092032232079036240051040246050044250045049253032054253027053252019054249013009245008074238004029230001085221000090210000090198001102185004407172008143157014119142020125125028231111
037137090047142082051148098069154055081160043093155032402171022128476024133181008246181003159192001171491000183201000195200003206211007215215013224219021232223030239227041244230053249233060252236079253239094253242109252244124250240139246248154244250169234251183227252
195218253278203253219298253229187253237115253244162253006105003003119004002132000253110243251090245247084244241072241234062239225050236214040233203030230190022226470015222262010218247005214132002210117000205402000201087000195073003181059005186047011181035047175020025
110017033164040042259005053253001064247000076442000088136002101130005114224011127118018140212027153107037196101048178095061230090074201084089211079103221073113229068134236053149242058104241053178251048191253044204253039245253035220251031234248028242243024247237021251
230018253222015253213012252202040007064248012015243019087251027100253218242001207129000195115000182102000467090000152077000131055000122054001101044002092034003078026005064018007051042009040007011029003043020001016042000019007000022002002028000005030000003033001015038
004021042003029048015038051023048056033059061044071050050083011069095070083108082098122087113135095128143098143101104158473110113185115181197121200207121214211433222220139231233145238240150245245156250249162253252107253253173253253128250252184245249189239245134231240
199033022052044030047199217222186207217172196221158185224143173228128160231142147235097234238083124240089108243059095245044082247033070249023059250015048251009038252004029253002022253000014253000009253003004253007004252013000251020000250029001249040003242052007245064
012243028018240093026238107035235123044232138055228153060225153078221132090217495103212207116208037120051020113056237155194243168189249180184252192178253203173253213108251222202247230155241237151234243145225248139215251133204253127181253122171253110123250110448247104
133242089118235093103229087088220032074221016060201011048190088036178061028165055048153051011140046005126042002113038000100034000087030001075025005063023040052019011042016020033014036024011041047003060021007073006005037003003102000002117000001432000000148002000102005
000170010000190010000203023000215031001225040002234050004241051005247073007251085010253098012253111015252124017249137021244150024237163027229175031219187035208198039192209044182219048087028202102020197139241063123246068408250073093252018073253034055253089052252095040
243101030244208021239112013232113007224124003245130000205135000494141001183147004171453008158158025145164023132170032119175043106180055093186088080491082068195097057201112048205221030210142028214150020218172013222185008220199004229211001233224000230232000233239001241
245004244250008245003242007002235006002228004005219003009209002240056253232008253032175002043163002055150002068137003082123004096110005111097007129170248241073011155061013101050016485040019193031022210023025222017028024244223016248219245004040252002044254002049255003
053255005058002246192006241187012235132020221178029219171039209105054199180063283154077118148091183243106150131124137131136124225103144155089157142074170147051182153206051096037205164021215170019224166042232181001239186003245192002250185253002054251000049008255210013
255215020253219029249223039244227205017025192024021178032018104042015449052012134063040219015008151108248150155251025143003000093221002108222002123202003138191005154179007163167009182154012192241044208128016219214020229101023237089020244076030249054034252053038253043
042253033041254025051240018056241011061234006008225003071245000077203000082190000088272002093152005099448009105232015120117022149102030122081038128073049134060060439047072145036084151026097152017109162010123108005135473002149419000152184000174189902180194005198199014
208204018218208025226213030234217048240221020240225024250228088252232103253235118253238133252240148249243463245245171239241191233249203225250215210251225206252234195253241184253240412253251159253253146253253133252252420251249107250243094249231084241228089245219058243
207047240195037231182028234108020231153014223133008224123004220108002216093000212073000208065001203052003198040001133029013188020019183023027118007035173003045161000055162000081158001079150004091144003204139015111133023130121033144121044152115058109109003181104083193
098092204082122214087128223081143231075158238071172244065188243060199251055211253051222253049231253042239250032245241033250242029253235025253228022253220019250210016245200013239189011232217008222164005212462005200139003187125002273142002158099000143080000128074000113
082000098051000083041001009032001050024003044010004033010008023000008015002010008000012004000015001000018000002021000006024002040028007010031012023035020032040029041044039051049051062053054014058078036063092098058401112013122425079137138084152451090167284095181176101
184183107207188213228210118228219124235228130243235136248241142252242148253250153253252259251253165247253170242251115234248181226244186212238194204231198131223201178214206404204210149193224134182229118170222103151228089444230074131233061113230048105239037092242027079
244018057246021050248005045249002036254000027252000019253001023253005008253010004253017004253026000253035000252047001251059004249073008248037014240101020244117028242132031239147047236162057233176069230490081226203093223214100249225119215233133210241146206247458201251
174196253183491253195180252200131249215176244224170237232165229239159219245154208249443292252442183253136109253130154252125139250149124245113209244101094234201079227096065248090053208084041198079030187074021275068013132053002149053003430053000123049000110044001092040
003084038008072052014060028022050024032040021043030018055022045008045012082010010096005008111002000126000004142000003157000001274003001185000000498011000210011000221025000230033000238042001245053002249084003252010005253083006253101008250114011246127013240140015232153
019223102022212178026201190023188201033174211037160221041145229040229236050114242055099241060085251065070253010057253015045253081034252081024248092016243098009237103004230109001222115000213121000202121002431133000180138012167144019155150028242156039129151050115187023
102272017090178091077185206005183121054193136044198251034203108026208180018212133012218202007220227003224227001228236000234243000234248002237252005240253009243253015245254022247248029249242038250235048251226059252216071253205085253192096253179408253455422253150135252
135148254120161250105173249090185247075292245052207243049217241038226258028233235019240232011245228002249225002252221000253212000253213001252208005249204010245199015240194025233489035225184046217219058201174072198168085185163100123151115160151131241145148134140101121
434475403428189035122202082116213070111224059105233048099240033093242029088250021082253024077253009071252004006249001061244000058238000051230001047220003042209007038191012034184028030170026026155035023240044020125055011440086014095078011081090009067103001054245005000
